   1.59862,   0.40842,   0.45820,   0.47326,   0.00000,   0.00000
   1.30726,   0.52998,   0.55960,   0.37935,   0.00000,   0.00000
   0.97140,   0.65660,   0.67650,   0.23995,   0.00000,   0.00000
   0.86799,   0.70030,   0.63490,   0.14368,   0.00000,   0.00000
   0.79424,   0.72634,   0.62220,   0.10279,   0.00000,   0.00000
   0.74710,   0.74266,   0.68260,   0.08748,   0.00000,   0.00000
   0.72142,   0.75340,   0.60850,   0.07827,   0.00000,   0.00000
   0.70750,   0.75820,   0.59550,   0.07185,   0.00000,   0.00000
   0.68634,   0.76442,   0.74730,   0.06597,   0.00000,   0.00000
   0.68281,   0.76754,   0.65060,   0.06055,   0.00000,   0.00000
   0.67116,   0.76896,   0.69380,   0.05620,   0.00000,   0.00000
   0.66186,   0.77260,   0.68410,   0.05179,   0.00000,   0.00000
   0.65675,   0.77374,   0.71040,   0.04738,   0.00000,   0.00000
   0.65062,   0.77580,   0.71540,   0.04328,   0.00000,   0.00000
   0.64596,   0.77932,   0.63380,   0.03947,   0.00000,   0.00000
   0.64296,   0.77966,   0.68400,   0.03565,   0.00000,   0.00000
   0.63940,   0.78154,   0.76830,   0.03216,   0.00000,   0.00000
   0.64187,   0.78090,   0.74080,   0.02944,   0.00000,   0.00000
   0.63836,   0.78282,   0.73700,   0.02670,   0.00000,   0.00000
   0.63533,   0.78302,   0.72120,   0.02422,   0.00000,   0.00000
   0.63121,   0.78502,   0.65750,   0.02224,   0.00000,   0.00000
   0.63273,   0.78426,   0.77020,   0.02043,   0.00000,   0.00000
   0.62062,   0.78592,   0.63480,   0.00000,   0.00000,   0.00000
   0.60872,   0.79038,   0.78100,   0.00000,   0.00000,   0.00000
   0.61349,   0.79088,   0.69220,   0.00000,   0.00000,   0.00000
   0.61031,   0.79042,   0.77870,   0.00000,   0.00000,   0.00000
   0.60288,   0.79396,   0.67770,   0.00000,   0.00000,   0.00000
   0.60514,   0.79436,   0.72260,   0.00000,   0.00000,   0.00000
   0.59991,   0.79518,   0.69340,   0.00000,   0.00000,   0.00000
   0.60365,   0.79574,   0.74660,   0.00000,   0.00000,   0.00000
   0.60873,   0.79170,   0.71180,   0.00000,   0.00000,   0.00000
   0.59958,   0.79542,   0.70380,   0.00000,   0.00000,   0.00000
   0.59617,   0.79794,   0.72470,   0.00000,   0.00000,   0.00000
   0.59570,   0.79544,   0.72060,   0.00000,   0.00000,   0.00000
   0.59474,   0.79670,   0.73360,   0.00000,   0.00000,   0.00000
   0.59558,   0.79414,   0.72570,   0.00000,   0.00000,   0.00000
   0.59563,   0.79650,   0.71630,   0.00000,   0.00000,   0.00000
   0.59121,   0.79928,   0.73470,   0.00000,   0.00000,   0.00000
   0.59391,   0.79666,   0.76430,   0.00000,   0.00000,   0.00000
   0.59184,   0.79762,   0.72500,   0.00000,   0.00000,   0.00000
   0.58684,   0.79916,   0.75640,   0.00000,   0.00000,   0.00000
   0.59372,   0.79662,   0.70920,   0.00000,   0.00000,   0.00000
   0.59221,   0.79774,   0.66190,   0.00000,   0.00000,   0.00000
   0.59117,   0.79640,   0.75720,   0.00000,   0.00000,   0.00000
   0.59051,   0.79886,   0.71730,   0.00000,   0.00000,   0.00000
   0.58837,   0.79810,   0.76000,   0.00000,   0.00000,   0.00000
   0.58370,   0.79952,   0.77910,   0.00000,   0.00000,   0.00000
   0.58461,   0.79764,   0.71020,   0.00000,   0.00000,   0.00000
   0.58032,   0.80282,   0.72840,   0.00000,   0.00000,   0.00000
   0.58786,   0.79912,   0.73490,   0.00000,   0.00000,   0.00000
   0.58332,   0.80094,   0.73850,   0.00000,   0.00000,   0.00000
   0.58279,   0.79966,   0.70390,   0.00000,   0.00000,   0.00000
   0.58024,   0.80302,   0.76110,   0.00000,   0.00000,   0.00000
   0.58401,   0.80168,   0.75740,   0.00000,   0.00000,   0.00000
   0.58770,   0.79872,   0.66270,   0.00000,   0.00000,   0.00000
   0.58016,   0.80018,   0.70800,   0.00000,   0.00000,   0.00000
   0.57864,   0.80072,   0.77880,   0.00000,   0.00000,   0.00000
   0.58619,   0.79912,   0.77140,   0.00000,   0.00000,   0.00000
   0.57625,   0.80288,   0.74070,   0.00000,   0.00000,   0.00000
   0.58084,   0.79904,   0.77230,   0.00000,   0.00000,   0.00000
   0.38464,   0.86868,   0.86980,   0.00000,   0.00000,   0.00000
   0.33421,   0.88460,   0.87150,   0.00000,   0.00000,   0.00000
   0.32308,   0.88818,   0.87920,   0.00000,   0.00000,   0.00000
   0.31756,   0.88918,   0.86730,   0.00000,   0.00000,   0.00000
   0.31865,   0.89046,   0.86550,   0.00000,   0.00000,   0.00000
   0.31519,   0.89170,   0.87330,   0.00000,   0.00000,   0.00000
   0.31857,   0.88860,   0.84920,   0.00000,   0.00000,   0.00000
   0.31733,   0.89158,   0.86630,   0.00000,   0.00000,   0.00000
   0.32041,   0.89054,   0.87110,   0.00000,   0.00000,   0.00000
   0.31652,   0.89114,   0.85780,   0.00000,   0.00000,   0.00000
   0.32280,   0.88892,   0.87780,   0.00000,   0.00000,   0.00000
   0.31833,   0.89000,   0.83890,   0.00000,   0.00000,   0.00000
   0.31603,   0.89144,   0.85670,   0.00000,   0.00000,   0.00000
   0.31062,   0.89432,   0.86690,   0.00000,   0.00000,   0.00000
   0.31504,   0.89028,   0.84790,   0.00000,   0.00000,   0.00000
   0.31138,   0.89330,   0.84210,   0.00000,   0.00000,   0.00000
   0.31050,   0.89210,   0.84260,   0.00000,   0.00000,   0.00000
   0.30991,   0.89306,   0.85900,   0.00000,   0.00000,   0.00000
   0.30591,   0.89562,   0.85610,   0.00000,   0.00000,   0.00000
   0.30180,   0.89510,   0.87710,   0.00000,   0.00000,   0.00000
   0.30695,   0.89278,   0.85110,   0.00000,   0.00000,   0.00000
   0.30409,   0.89612,   0.87050,   0.00000,   0.00000,   0.00000
   0.30257,   0.89620,   0.87460,   0.00000,   0.00000,   0.00000
   0.30608,   0.89368,   0.82030,   0.00000,   0.00000,   0.00000
   0.30260,   0.89674,   0.84720,   0.00000,   0.00000,   0.00000
   0.29963,   0.89620,   0.85690,   0.00000,   0.00000,   0.00000
   0.30084,   0.89702,   0.86710,   0.00000,   0.00000,   0.00000
   0.29896,   0.89714,   0.85990,   0.00000,   0.00000,   0.00000
   0.29988,   0.89768,   0.85240,   0.00000,   0.00000,   0.00000
   0.29377,   0.89798,   0.86480,   0.00000,   0.00000,   0.00000
   0.29339,   0.89890,   0.86470,   0.00000,   0.00000,   0.00000
   0.29093,   0.90002,   0.85340,   0.00000,   0.00000,   0.00000
   0.29747,   0.89596,   0.87560,   0.00000,   0.00000,   0.00000
   0.29185,   0.89890,   0.85110,   0.00000,   0.00000,   0.00000
   0.28936,   0.90074,   0.85330,   0.00000,   0.00000,   0.00000
   0.29007,   0.90036,   0.86360,   0.00000,   0.00000,   0.00000
   0.28639,   0.90076,   0.86670,   0.00000,   0.00000,   0.00000
   0.28459,   0.90176,   0.85210,   0.00000,   0.00000,   0.00000
   0.29031,   0.89906,   0.83770,   0.00000,   0.00000,   0.00000
   0.28865,   0.90010,   0.85260,   0.00000,   0.00000,   0.00000
   0.28496,   0.90202,   0.87150,   0.00000,   0.00000,   0.00000
   0.29259,   0.89864,   0.84790,   0.00000,   0.00000,   0.00000
   0.28658,   0.90108,   0.84160,   0.00000,   0.00000,   0.00000
   0.28404,   0.90116,   0.86860,   0.00000,   0.00000,   0.00000
   0.28414,   0.90156,   0.84740,   0.00000,   0.00000,   0.00000
   0.28671,   0.89944,   0.84020,   0.00000,   0.00000,   0.00000
   0.28213,   0.90122,   0.84200,   0.00000,   0.00000,   0.00000
   0.28436,   0.90044,   0.86100,   0.00000,   0.00000,   0.00000
   0.27812,   0.90522,   0.87220,   0.00000,   0.00000,   0.00000
   0.28178,   0.90364,   0.86940,   0.00000,   0.00000,   0.00000
   0.28163,   0.90292,   0.86840,   0.00000,   0.00000,   0.00000
   0.28596,   0.90124,   0.87030,   0.00000,   0.00000,   0.00000
   0.28172,   0.90196,   0.86340,   0.00000,   0.00000,   0.00000
   0.28217,   0.90364,   0.87320,   0.00000,   0.00000,   0.00000
   0.28374,   0.90188,   0.85470,   0.00000,   0.00000,   0.00000
   0.27996,   0.90294,   0.85690,   0.00000,   0.00000,   0.00000
   0.28337,   0.90184,   0.84090,   0.00000,   0.00000,   0.00000
   0.28016,   0.90448,   0.86910,   0.00000,   0.00000,   0.00000
   0.27799,   0.90444,   0.86360,   0.00000,   0.00000,   0.00000
   0.27864,   0.90280,   0.85960,   0.00000,   0.00000,   0.00000
   0.17516,   0.94152,   0.91000,   0.00000,   0.00000,   0.00000
   0.13803,   0.95492,   0.91660,   0.00000,   0.00000,   0.00000
   0.12728,   0.95622,   0.91270,   0.00000,   0.00000,   0.00000
   0.12072,   0.95968,   0.91550,   0.00000,   0.00000,   0.00000
   0.11623,   0.96114,   0.91950,   0.00000,   0.00000,   0.00000
   0.10758,   0.96436,   0.91710,   0.00000,   0.00000,   0.00000
   0.10539,   0.96448,   0.91720,   0.00000,   0.00000,   0.00000
   0.10231,   0.96470,   0.91570,   0.00000,   0.00000,   0.00000
   0.10150,   0.96582,   0.91760,   0.00000,   0.00000,   0.00000
   0.09647,   0.96820,   0.91400,   0.00000,   0.00000,   0.00000
   0.09676,   0.96738,   0.91990,   0.00000,   0.00000,   0.00000
   0.09431,   0.96790,   0.91320,   0.00000,   0.00000,   0.00000
   0.09478,   0.96776,   0.91400,   0.00000,   0.00000,   0.00000
   0.09518,   0.96706,   0.90660,   0.00000,   0.00000,   0.00000
   0.09289,   0.96848,   0.91350,   0.00000,   0.00000,   0.00000
   0.09405,   0.96868,   0.90930,   0.00000,   0.00000,   0.00000
   0.09601,   0.96722,   0.91020,   0.00000,   0.00000,   0.00000
   0.09492,   0.96770,   0.90750,   0.00000,   0.00000,   0.00000
   0.09434,   0.96748,   0.91030,   0.00000,   0.00000,   0.00000
   0.09223,   0.96904,   0.90950,   0.00000,   0.00000,   0.00000
   0.09375,   0.96812,   0.90820,   0.00000,   0.00000,   0.00000
   0.09423,   0.96888,   0.90500,   0.00000,   0.00000,   0.00000
   0.09360,   0.96856,   0.90710,   0.00000,   0.00000,   0.00000
   0.09008,   0.97040,   0.90840,   0.00000,   0.00000,   0.00000
   0.09543,   0.96772,   0.90250,   0.00000,   0.00000,   0.00000
   0.09592,   0.96716,   0.89840,   0.00000,   0.00000,   0.00000
   0.09479,   0.96718,   0.90950,   0.00000,   0.00000,   0.00000
   0.09783,   0.96636,   0.90820,   0.00000,   0.00000,   0.00000
   0.09654,   0.96744,   0.90780,   0.00000,   0.00000,   0.00000
   0.09436,   0.96782,   0.90230,   0.00000,   0.00000,   0.00000
   0.09794,   0.96624,   0.90700,   0.00000,   0.00000,   0.00000
   0.09759,   0.96606,   0.90400,   0.00000,   0.00000,   0.00000
   0.09732,   0.96658,   0.90720,   0.00000,   0.00000,   0.00000
   0.09294,   0.96922,   0.90970,   0.00000,   0.00000,   0.00000
   0.09854,   0.96620,   0.90310,   0.00000,   0.00000,   0.00000
   0.09990,   0.96562,   0.90590,   0.00000,   0.00000,   0.00000
   0.09690,   0.96698,   0.90420,   0.00000,   0.00000,   0.00000
   0.09367,   0.96802,   0.90430,   0.00000,   0.00000,   0.00000
   0.10213,   0.96528,   0.90770,   0.00000,   0.00000,   0.00000
   0.09984,   0.96598,   0.90100,   0.00000,   0.00000,   0.00000
   0.05843,   0.98090,   0.92040,   0.00000,   0.00000,   0.00000
   0.04359,   0.98734,   0.92040,   0.00000,   0.00000,   0.00000
   0.04160,   0.98804,   0.92200,   0.00000,   0.00000,   0.00000
   0.03614,   0.99026,   0.92210,   0.00000,   0.00000,   0.00000
   0.03531,   0.99028,   0.92190,   0.00000,   0.00000,   0.00000
   0.03219,   0.99120,   0.92450,   0.00000,   0.00000,   0.00000
   0.03060,   0.99216,   0.92420,   0.00000,   0.00000,   0.00000
   0.03152,   0.99170,   0.92290,   0.00000,   0.00000,   0.00000
   0.02744,   0.99272,   0.92310,   0.00000,   0.00000,   0.00000
   0.02827,   0.99246,   0.92420,   0.00000,   0.00000,   0.00000
   0.02754,   0.99272,   0.92460,   0.00000,   0.00000,   0.00000
   0.02665,   0.99290,   0.92490,   0.00000,   0.00000,   0.00000
   0.02568,   0.99326,   0.92340,   0.00000,   0.00000,   0.00000
   0.02478,   0.99354,   0.92580,   0.00000,   0.00000,   0.00000
   0.02344,   0.99414,   0.92420,   0.00000,   0.00000,   0.00000
   0.02400,   0.99424,   0.92520,   0.00000,   0.00000,   0.00000
   0.02320,   0.99416,   0.92440,   0.00000,   0.00000,   0.00000
   0.02253,   0.99426,   0.92370,   0.00000,   0.00000,   0.00000
   0.02178,   0.99432,   0.92450,   0.00000,   0.00000,   0.00000
   0.02072,   0.99494,   0.92560,   0.00000,   0.00000,   0.00000
   0.02007,   0.99522,   0.92250,   0.00000,   0.00000,   0.00000
   0.02187,   0.99458,   0.92570,   0.00000,   0.00000,   0.00000
   0.02007,   0.99514,   0.92570,   0.00000,   0.00000,   0.00000
   0.02039,   0.99490,   0.92380,   0.00000,   0.00000,   0.00000
   0.01922,   0.99500,   0.92270,   0.00000,   0.00000,   0.00000
   0.01980,   0.99498,   0.92650,   0.00000,   0.00000,   0.00000
   0.01925,   0.99512,   0.92450,   0.00000,   0.00000,   0.00000
   0.02106,   0.99474,   0.92430,   0.00000,   0.00000,   0.00000
   0.01912,   0.99536,   0.92220,   0.00000,   0.00000,   0.00000
   0.01792,   0.99580,   0.92430,   0.00000,   0.00000,   0.00000
   0.01795,   0.99584,   0.92170,   0.00000,   0.00000,   0.00000
   0.01941,   0.99502,   0.92360,   0.00000,   0.00000,   0.00000
   0.01885,   0.99534,   0.92330,   0.00000,   0.00000,   0.00000
   0.01858,   0.99530,   0.92470,   0.00000,   0.00000,   0.00000
   0.01800,   0.99588,   0.92280,   0.00000,   0.00000,   0.00000
   0.01875,   0.99540,   0.92480,   0.00000,   0.00000,   0.00000
   0.01786,   0.99574,   0.92340,   0.00000,   0.00000,   0.00000
   0.01857,   0.99506,   0.92210,   0.00000,   0.00000,   0.00000
   0.01791,   0.99562,   0.92480,   0.00000,   0.00000,   0.00000
   0.01675,   0.99584,   0.92420,   0.00000,   0.00000,   0.00000
