   0.03871,  63.20588,   0.91790
   0.03537,  63.23657,   0.91830
   0.03342,  63.28261,   0.91970
   0.03079,  63.38363,   0.91990
   0.03087,  63.34527,   0.91870
   0.03135,  63.37724,   0.92120
   0.03201,  63.31586,   0.91570
   0.03270,  63.27877,   0.92110
   0.03010,  63.39130,   0.91820
   0.02958,  63.39386,   0.91930
   0.03126,  63.31841,   0.91900
   0.03016,  63.39130,   0.92010
   0.02607,  63.45780,   0.92200
   0.02602,  63.43478,   0.92130
   0.02763,  63.42072,   0.91710
   0.02921,  63.37085,   0.91910
   0.02800,  63.42839,   0.91650
   0.02637,  63.45013,   0.91810
   0.02469,  63.47954,   0.92060
   0.02507,  63.50384,   0.91920
   0.01931,  63.62020,   0.92590
   0.01775,  63.66113,   0.92270
   0.01694,  63.67008,   0.92310
   0.01631,  63.68798,   0.92160
   0.01522,  63.71355,   0.92240
   0.01564,  63.68798,   0.92180
   0.01596,  63.69054,   0.92070
   0.01397,  63.75064,   0.92460
   0.01499,  63.71228,   0.92530
   0.01454,  63.70972,   0.92590
   0.01294,  63.77110,   0.92330
   0.01345,  63.74936,   0.92520
   0.01343,  63.75192,   0.92380
   0.01392,  63.72762,   0.92530
   0.01256,  63.76982,   0.92360
   0.01291,  63.74680,   0.92170
   0.01375,  63.73785,   0.92260
   0.01283,  63.76727,   0.92380
   0.01348,  63.71995,   0.92100
   0.01302,  63.73657,   0.92470
   0.01268,  63.76343,   0.92270
   0.01289,  63.76854,   0.92150
   0.01299,  63.74424,   0.92230
   0.01426,  63.70332,   0.92270
   0.01340,  63.73785,   0.92300
   0.01184,  63.77238,   0.92430
   0.01158,  63.77877,   0.92260
   0.01199,  63.76471,   0.92100
   0.01286,  63.75959,   0.91910
   0.01210,  63.77621,   0.92230
   0.01205,  63.77494,   0.92220
   0.01284,  63.74680,   0.92250
   0.01198,  63.74680,   0.92250
   0.01237,  63.75447,   0.92150
   0.01165,  63.77494,   0.92290
   0.01216,  63.77621,   0.92170
   0.01227,  63.74808,   0.91930
   0.01181,  63.75576,   0.92100
   0.01110,  63.79284,   0.92150
   0.01160,  63.76854,   0.92220
   0.01058,  63.79156,   0.92240
   0.00966,  63.80690,   0.92280
   0.00888,  63.84015,   0.92440
   0.00935,  63.82737,   0.92320
   0.00953,  63.81202,   0.92490
   0.00916,  63.82609,   0.92360
   0.00840,  63.84527,   0.92270
   0.00921,  63.82097,   0.92280
   0.00797,  63.85934,   0.92370
   0.00857,  63.84143,   0.92320
   0.00860,  63.82737,   0.92560
   0.00864,  63.84143,   0.92280
   0.00957,  63.81074,   0.92390
   0.00889,  63.82481,   0.92310
   0.00859,  63.83760,   0.92300
   0.00862,  63.82864,   0.92390
   0.00919,  63.83120,   0.92540
   0.00811,  63.83887,   0.92290
   0.00841,  63.83120,   0.92240
   0.00830,  63.84271,   0.92480
   0.00823,  63.84015,   0.92480
   0.00845,  63.81841,   0.92360
   0.00861,  63.84271,   0.92440
   0.00853,  63.82481,   0.92390
   0.00786,  63.84143,   0.92360
   0.00803,  63.83248,   0.92320
   0.00770,  63.85806,   0.92630
   0.00761,  63.85166,   0.92670
   0.00864,  63.82992,   0.92210
   0.00778,  63.84271,   0.92300
   0.00758,  63.86701,   0.92360
   0.00814,  63.83504,   0.92410
   0.00736,  63.85038,   0.92300
   0.00816,  63.82737,   0.92260
   0.00860,  63.81458,   0.92450
   0.00793,  63.85294,   0.92380
   0.00792,  63.86061,   0.92320
   0.00747,  63.86701,   0.92330
   0.00871,  63.81713,   0.92350
   0.00742,  63.86317,   0.92280
   0.00848,  63.84399,   0.92180
   0.00836,  63.83376,   0.92550
   0.00739,  63.86573,   0.92400
   0.00823,  63.84015,   0.92700
   0.00753,  63.85678,   0.92420
   0.00765,  63.85422,   0.92330
   0.00709,  63.87468,   0.92530
   0.00786,  63.82737,   0.92200
   0.00790,  63.86317,   0.92390
   0.00739,  63.85294,   0.92500
   0.00761,  63.84527,   0.92350
   0.00688,  63.86445,   0.92330
   0.00756,  63.84527,   0.92510
   0.00785,  63.84271,   0.92300
   0.00810,  63.82864,   0.92430
   0.00722,  63.85038,   0.92440
   0.00640,  63.87468,   0.92510
   0.00752,  63.84527,   0.92540
   0.00727,  63.85166,   0.92260
   0.00747,  63.85294,   0.92510
   0.00739,  63.85934,   0.92260
   0.00729,  63.84783,   0.92290
   0.00792,  63.84015,   0.92360
   0.00810,  63.84783,   0.92290
   0.00847,  63.81586,   0.92380
   0.00684,  63.85934,   0.92190
   0.00683,  63.86189,   0.92380
   0.00742,  63.85422,   0.92260
   0.00722,  63.86061,   0.92280
   0.00777,  63.85038,   0.92460
   0.00735,  63.85550,   0.92550
   0.00780,  63.84015,   0.92360
   0.00782,  63.83632,   0.92340
   0.00742,  63.85422,   0.92330
   0.00678,  63.85422,   0.92360
   0.00711,  63.86189,   0.92320
   0.00739,  63.83760,   0.92430
   0.00782,  63.82737,   0.92530
   0.00717,  63.84783,   0.92420
   0.00734,  63.85038,   0.92300
   0.00718,  63.84911,   0.92250
   0.00750,  63.85550,   0.92330
   0.00723,  63.84655,   0.92380
   0.00767,  63.84015,   0.92390
   0.00695,  63.86061,   0.92360
   0.00642,  63.87468,   0.92610
   0.00720,  63.85550,   0.92580
   0.00762,  63.84911,   0.92320
   0.00717,  63.85678,   0.92330
   0.00686,  63.85934,   0.92540
   0.00661,  63.86956,   0.92480
   0.00665,  63.86061,   0.92540
   0.00651,  63.85934,   0.92500
   0.00610,  63.86701,   0.92450
   0.00605,  63.87596,   0.92500
   0.00581,  63.87852,   0.92460
   0.00635,  63.86445,   0.92440
   0.00572,  63.88619,   0.92400
   0.00609,  63.87596,   0.92360
   0.00622,  63.86829,   0.92560
   0.00590,  63.88235,   0.92470
   0.00631,  63.86573,   0.92410
   0.00565,  63.89130,   0.92540
   0.00526,  63.89642,   0.92620
   0.00539,  63.89642,   0.92550
   0.00525,  63.89642,   0.92560
   0.00513,  63.89514,   0.92450
   0.00576,  63.87724,   0.92610
   0.00550,  63.88235,   0.92480
   0.00536,  63.89003,   0.92500
   0.00577,  63.87852,   0.92620
   0.00579,  63.88747,   0.92520
   0.00541,  63.88619,   0.92670
   0.00527,  63.89386,   0.92580
   0.00551,  63.87852,   0.92660
   0.00592,  63.87852,   0.92570
   0.00549,  63.88619,   0.92600
   0.00531,  63.89386,   0.92720
   0.00573,  63.88491,   0.92590
   0.00540,  63.89003,   0.92630
   0.00583,  63.87212,   0.92540
   0.00575,  63.87468,   0.92630
   0.00558,  63.88235,   0.92540
   0.00524,  63.89130,   0.92390
   0.00501,  63.90154,   0.92600
   0.00531,  63.89770,   0.92440
   0.00576,  63.87212,   0.92480
   0.00524,  63.89130,   0.92480
   0.00540,  63.88875,   0.92530
   0.00562,  63.87852,   0.92360
   0.00581,  63.87468,   0.92530
   0.00512,  63.89258,   0.92400
   0.00566,  63.88747,   0.92450
   0.00531,  63.89642,   0.92470
   0.00591,  63.88107,   0.92520
   0.00534,  63.89514,   0.92450
   0.00554,  63.88363,   0.92590
   0.00519,  63.89642,   0.92500
   0.00537,  63.88491,   0.92510
   0.00484,  63.90281,   0.92450
   0.00000,   0.00000,   0.00000
