   1.57038,   0.42062,   0.55250,   0.00000,   0.00000,   0.00000
   1.32967,   0.52156,   0.58200,   0.00000,   0.00000,   0.00000
   0.97787,   0.65648,   0.55330,   0.00000,   0.00000,   0.00000
   0.84605,   0.70666,   0.60600,   0.00000,   0.00000,   0.00000
   0.77450,   0.73372,   0.70990,   0.00000,   0.00000,   0.00000
   0.73126,   0.74764,   0.67840,   0.00000,   0.00000,   0.00000
   0.70394,   0.75694,   0.74940,   0.00000,   0.00000,   0.00000
   0.67814,   0.76814,   0.67600,   0.00000,   0.00000,   0.00000
   0.66040,   0.77298,   0.66810,   0.00000,   0.00000,   0.00000
   0.64835,   0.77686,   0.71430,   0.00000,   0.00000,   0.00000
   0.64156,   0.77858,   0.62210,   0.00000,   0.00000,   0.00000
   0.63490,   0.78106,   0.69350,   0.00000,   0.00000,   0.00000
   0.62445,   0.78754,   0.74710,   0.00000,   0.00000,   0.00000
   0.62927,   0.78442,   0.66020,   0.00000,   0.00000,   0.00000
   0.61907,   0.78706,   0.72340,   0.00000,   0.00000,   0.00000
   0.61309,   0.79012,   0.65680,   0.00000,   0.00000,   0.00000
   0.61187,   0.79050,   0.71060,   0.00000,   0.00000,   0.00000
   0.60244,   0.79484,   0.72560,   0.00000,   0.00000,   0.00000
   0.60077,   0.79522,   0.69460,   0.00000,   0.00000,   0.00000
   0.59416,   0.79920,   0.73130,   0.00000,   0.00000,   0.00000
   0.59465,   0.79614,   0.77900,   0.00000,   0.00000,   0.00000
   0.59398,   0.79700,   0.72440,   0.00000,   0.00000,   0.00000
   0.58688,   0.79916,   0.75520,   0.00000,   0.00000,   0.00000
   0.58283,   0.79996,   0.71700,   0.00000,   0.00000,   0.00000
   0.58241,   0.80216,   0.75260,   0.00000,   0.00000,   0.00000
   0.57631,   0.80434,   0.73400,   0.00000,   0.00000,   0.00000
   0.57949,   0.80084,   0.78490,   0.00000,   0.00000,   0.00000
   0.58097,   0.80190,   0.75050,   0.00000,   0.00000,   0.00000
   0.57727,   0.80154,   0.70170,   0.00000,   0.00000,   0.00000
   0.57674,   0.80220,   0.57950,   0.00000,   0.00000,   0.00000
   0.57315,   0.80382,   0.67300,   0.00000,   0.00000,   0.00000
   0.56917,   0.80652,   0.48990,   0.00000,   0.00000,   0.00000
   0.56898,   0.80544,   0.76160,   0.00000,   0.00000,   0.00000
   0.56899,   0.80470,   0.74780,   0.00000,   0.00000,   0.00000
   0.56650,   0.80598,   0.75690,   0.00000,   0.00000,   0.00000
   0.56080,   0.81002,   0.72320,   0.00000,   0.00000,   0.00000
   0.56642,   0.80620,   0.62900,   0.00000,   0.00000,   0.00000
   0.56314,   0.80856,   0.73060,   0.00000,   0.00000,   0.00000
   0.56099,   0.80836,   0.74490,   0.00000,   0.00000,   0.00000
   0.56062,   0.80832,   0.76000,   0.00000,   0.00000,   0.00000
   0.56085,   0.80750,   0.75590,   0.00000,   0.00000,   0.00000
   0.55811,   0.81008,   0.75260,   0.00000,   0.00000,   0.00000
   0.55937,   0.80896,   0.71320,   0.00000,   0.00000,   0.00000
   0.55504,   0.81144,   0.74290,   0.00000,   0.00000,   0.00000
   0.55964,   0.80950,   0.71280,   0.00000,   0.00000,   0.00000
   0.55861,   0.80846,   0.78510,   0.00000,   0.00000,   0.00000
   0.55791,   0.80986,   0.64020,   0.00000,   0.00000,   0.00000
   0.56505,   0.80748,   0.77050,   0.00000,   0.00000,   0.00000
   0.55344,   0.81166,   0.77000,   0.00000,   0.00000,   0.00000
   0.55238,   0.81170,   0.76260,   0.00000,   0.00000,   0.00000
   0.55192,   0.81146,   0.76640,   0.00000,   0.00000,   0.00000
   0.55351,   0.81294,   0.70950,   0.00000,   0.00000,   0.00000
   0.55205,   0.81094,   0.74430,   0.00000,   0.00000,   0.00000
   0.55072,   0.81302,   0.73730,   0.00000,   0.00000,   0.00000
   0.55485,   0.81086,   0.74360,   0.00000,   0.00000,   0.00000
   0.55344,   0.81244,   0.73550,   0.00000,   0.00000,   0.00000
   0.54669,   0.81270,   0.69270,   0.00000,   0.00000,   0.00000
   0.55129,   0.81066,   0.70710,   0.00000,   0.00000,   0.00000
   0.55568,   0.80950,   0.78550,   0.00000,   0.00000,   0.00000
   0.54795,   0.81544,   0.71800,   0.00000,   0.00000,   0.00000
   0.33799,   0.88494,   0.88670,   0.00000,   0.00000,   0.00000
   0.29068,   0.90084,   0.88520,   0.00000,   0.00000,   0.00000
   0.27862,   0.90430,   0.88700,   0.00000,   0.00000,   0.00000
   0.27311,   0.90666,   0.88850,   0.00000,   0.00000,   0.00000
   0.27537,   0.90536,   0.88480,   0.00000,   0.00000,   0.00000
   0.27589,   0.90458,   0.87430,   0.00000,   0.00000,   0.00000
   0.27555,   0.90530,   0.86070,   0.00000,   0.00000,   0.00000
   0.28047,   0.90470,   0.86210,   0.00000,   0.00000,   0.00000
   0.27805,   0.90342,   0.87890,   0.00000,   0.00000,   0.00000
   0.27932,   0.90318,   0.84820,   0.00000,   0.00000,   0.00000
   0.28065,   0.90378,   0.87220,   0.00000,   0.00000,   0.00000
   0.27527,   0.90618,   0.86720,   0.00000,   0.00000,   0.00000
   0.28413,   0.90224,   0.87220,   0.00000,   0.00000,   0.00000
   0.27284,   0.90562,   0.87970,   0.00000,   0.00000,   0.00000
   0.27339,   0.90570,   0.86800,   0.00000,   0.00000,   0.00000
   0.26878,   0.90794,   0.85950,   0.00000,   0.00000,   0.00000
   0.27094,   0.90642,   0.87720,   0.00000,   0.00000,   0.00000
   0.27243,   0.90616,   0.88110,   0.00000,   0.00000,   0.00000
   0.27260,   0.90568,   0.85380,   0.00000,   0.00000,   0.00000
   0.26725,   0.90796,   0.84680,   0.00000,   0.00000,   0.00000
   0.27005,   0.90674,   0.87330,   0.00000,   0.00000,   0.00000
   0.26401,   0.90888,   0.85900,   0.00000,   0.00000,   0.00000
   0.25714,   0.91252,   0.86960,   0.00000,   0.00000,   0.00000
   0.26028,   0.91100,   0.88770,   0.00000,   0.00000,   0.00000
   0.26127,   0.91078,   0.88930,   0.00000,   0.00000,   0.00000
   0.25784,   0.91048,   0.87450,   0.00000,   0.00000,   0.00000
   0.26071,   0.91120,   0.85650,   0.00000,   0.00000,   0.00000
   0.26295,   0.90948,   0.87330,   0.00000,   0.00000,   0.00000
   0.25362,   0.91228,   0.87900,   0.00000,   0.00000,   0.00000
   0.25990,   0.91004,   0.86610,   0.00000,   0.00000,   0.00000
   0.25359,   0.91330,   0.88680,   0.00000,   0.00000,   0.00000
   0.25164,   0.91364,   0.86450,   0.00000,   0.00000,   0.00000
   0.25669,   0.91204,   0.87070,   0.00000,   0.00000,   0.00000
   0.25259,   0.91164,   0.87800,   0.00000,   0.00000,   0.00000
   0.25279,   0.91242,   0.87380,   0.00000,   0.00000,   0.00000
   0.24782,   0.91452,   0.88620,   0.00000,   0.00000,   0.00000
   0.25165,   0.91316,   0.88030,   0.00000,   0.00000,   0.00000
   0.24928,   0.91416,   0.88220,   0.00000,   0.00000,   0.00000
   0.25151,   0.91338,   0.86760,   0.00000,   0.00000,   0.00000
   0.24993,   0.91392,   0.86250,   0.00000,   0.00000,   0.00000
   0.25175,   0.91440,   0.87030,   0.00000,   0.00000,   0.00000
   0.24618,   0.91610,   0.88570,   0.00000,   0.00000,   0.00000
   0.24120,   0.91698,   0.89120,   0.00000,   0.00000,   0.00000
   0.24895,   0.91380,   0.87360,   0.00000,   0.00000,   0.00000
   0.24190,   0.91544,   0.87740,   0.00000,   0.00000,   0.00000
   0.24588,   0.91384,   0.87670,   0.00000,   0.00000,   0.00000
   0.24758,   0.91472,   0.86210,   0.00000,   0.00000,   0.00000
   0.24355,   0.91622,   0.88740,   0.00000,   0.00000,   0.00000
   0.23904,   0.91836,   0.88370,   0.00000,   0.00000,   0.00000
   0.24613,   0.91472,   0.87260,   0.00000,   0.00000,   0.00000
   0.23854,   0.91830,   0.88470,   0.00000,   0.00000,   0.00000
   0.24521,   0.91578,   0.88000,   0.00000,   0.00000,   0.00000
   0.24247,   0.91618,   0.89460,   0.00000,   0.00000,   0.00000
   0.24290,   0.91654,   0.86540,   0.00000,   0.00000,   0.00000
   0.24307,   0.91644,   0.86270,   0.00000,   0.00000,   0.00000
   0.24239,   0.91616,   0.85740,   0.00000,   0.00000,   0.00000
   0.23721,   0.91706,   0.86660,   0.00000,   0.00000,   0.00000
   0.23774,   0.91820,   0.87190,   0.00000,   0.00000,   0.00000
   0.23980,   0.91596,   0.86680,   0.00000,   0.00000,   0.00000
   0.24150,   0.91680,   0.87300,   0.00000,   0.00000,   0.00000
   0.12966,   0.95596,   0.92680,   0.00000,   0.00000,   0.00000
   0.09939,   0.96672,   0.92770,   0.00000,   0.00000,   0.00000
   0.08841,   0.97034,   0.93060,   0.00000,   0.00000,   0.00000
   0.07970,   0.97294,   0.93270,   0.00000,   0.00000,   0.00000
   0.07454,   0.97474,   0.92920,   0.00000,   0.00000,   0.00000
   0.06831,   0.97722,   0.92870,   0.00000,   0.00000,   0.00000
   0.06508,   0.97904,   0.92750,   0.00000,   0.00000,   0.00000
   0.06378,   0.97884,   0.92630,   0.00000,   0.00000,   0.00000
   0.06067,   0.97926,   0.93140,   0.00000,   0.00000,   0.00000
   0.05699,   0.98148,   0.92780,   0.00000,   0.00000,   0.00000
   0.05701,   0.98084,   0.92980,   0.00000,   0.00000,   0.00000
   0.05815,   0.98086,   0.92600,   0.00000,   0.00000,   0.00000
   0.05774,   0.97982,   0.92340,   0.00000,   0.00000,   0.00000
   0.05624,   0.98146,   0.92390,   0.00000,   0.00000,   0.00000
   0.05531,   0.98206,   0.92640,   0.00000,   0.00000,   0.00000
   0.05397,   0.98212,   0.92210,   0.00000,   0.00000,   0.00000
   0.05850,   0.98076,   0.92510,   0.00000,   0.00000,   0.00000
   0.05667,   0.98078,   0.92620,   0.00000,   0.00000,   0.00000
   0.05763,   0.98000,   0.92520,   0.00000,   0.00000,   0.00000
   0.05347,   0.98262,   0.92110,   0.00000,   0.00000,   0.00000
   0.06151,   0.97924,   0.91870,   0.00000,   0.00000,   0.00000
   0.05383,   0.98198,   0.92200,   0.00000,   0.00000,   0.00000
   0.06055,   0.97940,   0.92370,   0.00000,   0.00000,   0.00000
   0.05846,   0.98010,   0.92010,   0.00000,   0.00000,   0.00000
   0.06373,   0.97844,   0.91960,   0.00000,   0.00000,   0.00000
   0.06366,   0.97932,   0.92020,   0.00000,   0.00000,   0.00000
   0.06187,   0.97902,   0.92350,   0.00000,   0.00000,   0.00000
   0.06680,   0.97734,   0.91820,   0.00000,   0.00000,   0.00000
   0.06310,   0.97936,   0.91830,   0.00000,   0.00000,   0.00000
   0.06290,   0.97864,   0.92040,   0.00000,   0.00000,   0.00000
   0.06228,   0.97888,   0.91970,   0.00000,   0.00000,   0.00000
   0.06688,   0.97814,   0.91990,   0.00000,   0.00000,   0.00000
   0.06558,   0.97782,   0.91710,   0.00000,   0.00000,   0.00000
   0.06766,   0.97698,   0.92280,   0.00000,   0.00000,   0.00000
   0.06824,   0.97734,   0.91380,   0.00000,   0.00000,   0.00000
   0.06716,   0.97770,   0.90670,   0.00000,   0.00000,   0.00000
   0.06800,   0.97698,   0.91410,   0.00000,   0.00000,   0.00000
   0.06931,   0.97652,   0.90810,   0.00000,   0.00000,   0.00000
   0.06793,   0.97722,   0.92010,   0.00000,   0.00000,   0.00000
   0.07221,   0.97560,   0.91840,   0.00000,   0.00000,   0.00000
   0.03648,   0.98930,   0.93340,   0.00000,   0.00000,   0.00000
   0.02463,   0.99314,   0.93460,   0.00000,   0.00000,   0.00000
   0.01950,   0.99512,   0.93580,   0.00000,   0.00000,   0.00000
   0.01812,   0.99520,   0.93780,   0.00000,   0.00000,   0.00000
   0.01607,   0.99570,   0.93600,   0.00000,   0.00000,   0.00000
   0.01506,   0.99654,   0.93740,   0.00000,   0.00000,   0.00000
   0.01304,   0.99720,   0.93700,   0.00000,   0.00000,   0.00000
   0.01329,   0.99672,   0.93800,   0.00000,   0.00000,   0.00000
   0.01200,   0.99716,   0.93740,   0.00000,   0.00000,   0.00000
   0.01190,   0.99720,   0.93670,   0.00000,   0.00000,   0.00000
   0.01108,   0.99760,   0.93760,   0.00000,   0.00000,   0.00000
   0.01189,   0.99704,   0.93560,   0.00000,   0.00000,   0.00000
   0.01094,   0.99736,   0.93820,   0.00000,   0.00000,   0.00000
   0.01015,   0.99756,   0.93700,   0.00000,   0.00000,   0.00000
   0.00971,   0.99766,   0.93910,   0.00000,   0.00000,   0.00000
   0.00912,   0.99782,   0.93840,   0.00000,   0.00000,   0.00000
   0.00876,   0.99804,   0.93770,   0.00000,   0.00000,   0.00000
   0.00849,   0.99850,   0.93770,   0.00000,   0.00000,   0.00000
   0.00841,   0.99836,   0.93770,   0.00000,   0.00000,   0.00000
   0.00849,   0.99802,   0.93800,   0.00000,   0.00000,   0.00000
   0.00872,   0.99810,   0.93950,   0.00000,   0.00000,   0.00000
   0.00804,   0.99836,   0.93910,   0.00000,   0.00000,   0.00000
   0.00901,   0.99796,   0.93800,   0.00000,   0.00000,   0.00000
   0.00859,   0.99814,   0.93850,   0.00000,   0.00000,   0.00000
   0.00838,   0.99802,   0.93700,   0.00000,   0.00000,   0.00000
   0.00793,   0.99828,   0.93650,   0.00000,   0.00000,   0.00000
   0.00761,   0.99834,   0.93560,   0.00000,   0.00000,   0.00000
   0.00758,   0.99824,   0.93730,   0.00000,   0.00000,   0.00000
   0.00701,   0.99864,   0.93700,   0.00000,   0.00000,   0.00000
   0.00705,   0.99872,   0.93840,   0.00000,   0.00000,   0.00000
   0.00660,   0.99872,   0.93860,   0.00000,   0.00000,   0.00000
   0.00656,   0.99866,   0.93900,   0.00000,   0.00000,   0.00000
   0.00769,   0.99824,   0.93740,   0.00000,   0.00000,   0.00000
   0.00677,   0.99868,   0.93930,   0.00000,   0.00000,   0.00000
   0.00644,   0.99884,   0.93850,   0.00000,   0.00000,   0.00000
   0.00728,   0.99850,   0.94000,   0.00000,   0.00000,   0.00000
   0.00716,   0.99852,   0.94000,   0.00000,   0.00000,   0.00000
   0.00647,   0.99868,   0.93870,   0.00000,   0.00000,   0.00000
   0.00681,   0.99870,   0.93940,   0.00000,   0.00000,   0.00000
   0.94000,   0.99850,   0.93820,   0.00000,   0.00000,   0.00000
