   0.29031,  57.55499,   0.88700
   0.20868,  59.34527,   0.89010
   0.18829,  59.72762,   0.90170
   0.17807,  59.95908,   0.89870
   0.16707,  60.21739,   0.90110
   0.16302,  60.32353,   0.90200
   0.15477,  60.50384,   0.90270
   0.15595,  60.53325,   0.90390
   0.14575,  60.74936,   0.90380
   0.14412,  60.76854,   0.90540
   0.14055,  60.89514,   0.90280
   0.13877,  60.92072,   0.90510
   0.13278,  61.07417,   0.90320
   0.13658,  60.99233,   0.90650
   0.13194,  61.04987,   0.90950
   0.12828,  61.21228,   0.90590
   0.13037,  61.03197,   0.90580
   0.12564,  61.17008,   0.90410
   0.12802,  61.14066,   0.90680
   0.12639,  61.17263,   0.90420
   0.10566,  61.72379,   0.91150
   0.10256,  61.79028,   0.91230
   0.09848,  61.83376,   0.91090
   0.09967,  61.86317,   0.91260
   0.09650,  61.91177,   0.91170
   0.09736,  61.89514,   0.91270
   0.09363,  61.93606,   0.91100
   0.09362,  61.99361,   0.91310
   0.09173,  62.02174,   0.90870
   0.09215,  62.08823,   0.91020
   0.09004,  62.07545,   0.90900
   0.08897,  62.09846,   0.91090
   0.09164,  62.08056,   0.91030
   0.09089,  62.04731,   0.91240
   0.08981,  62.08056,   0.90860
   0.08718,  62.14706,   0.91070
   0.08558,  62.13044,   0.91180
   0.08882,  62.04476,   0.90940
   0.08402,  62.22506,   0.91130
   0.08450,  62.14706,   0.91020
   0.08268,  62.23657,   0.90770
   0.08425,  62.14962,   0.91130
   0.08521,  62.10230,   0.91010
   0.08416,  62.18926,   0.91130
   0.08043,  62.21995,   0.91140
   0.07977,  62.30307,   0.91210
   0.08423,  62.13171,   0.91260
   0.07994,  62.31330,   0.90930
   0.08085,  62.31074,   0.91050
   0.08211,  62.23402,   0.91000
   0.08067,  62.23913,   0.91160
   0.07630,  62.39514,   0.91320
   0.08071,  62.23402,   0.91310
   0.07922,  62.25959,   0.91100
   0.07632,  62.34783,   0.91060
   0.07655,  62.37085,   0.90930
   0.07688,  62.34655,   0.90900
   0.07701,  62.33248,   0.91110
   0.07360,  62.43222,   0.91000
   0.07612,  62.36445,   0.91100
   0.06847,  62.61637,   0.91370
   0.06494,  62.63811,   0.91210
   0.06490,  62.68542,   0.91280
   0.06471,  62.63939,   0.91360
   0.06339,  62.70205,   0.91140
   0.06239,  62.74169,   0.91050
   0.05993,  62.78900,   0.91210
   0.06208,  62.71100,   0.91350
   0.06085,  62.74936,   0.91320
   0.06176,  62.72634,   0.91280
   0.06082,  62.76471,   0.91100
   0.05988,  62.75959,   0.90960
   0.06069,  62.74169,   0.91170
   0.05974,  62.76087,   0.91410
   0.06022,  62.72890,   0.91270
   0.06040,  62.73402,   0.91180
   0.05957,  62.80819,   0.91100
   0.05895,  62.74041,   0.91270
   0.05908,  62.79156,   0.91130
   0.05996,  62.75064,   0.91240
   0.05903,  62.78133,   0.91180
   0.05806,  62.78389,   0.90970
   0.05860,  62.77110,   0.91020
   0.05704,  62.85422,   0.91090
   0.05754,  62.83376,   0.91120
   0.05798,  62.76471,   0.91160
   0.05835,  62.79412,   0.91320
   0.05744,  62.79539,   0.91110
   0.05604,  62.86317,   0.91050
   0.05781,  62.76343,   0.91110
   0.05590,  62.83120,   0.91140
   0.05702,  62.84527,   0.91200
   0.05441,  62.90026,   0.90910
   0.05524,  62.84783,   0.91250
   0.05512,  62.90665,   0.91420
   0.05492,  62.85166,   0.91140
   0.05598,  62.81586,   0.91080
   0.05318,  62.88747,   0.91210
   0.05576,  62.82609,   0.91200
   0.05458,  62.88619,   0.91170
   0.05422,  62.86956,   0.91190
   0.05330,  62.90921,   0.91400
   0.05384,  62.89258,   0.90930
   0.05493,  62.88747,   0.91140
   0.05431,  62.87340,   0.91190
   0.05357,  62.85550,   0.91200
   0.05179,  62.95269,   0.91040
   0.05180,  62.96803,   0.91040
   0.05210,  62.94501,   0.91240
   0.05220,  62.93734,   0.91190
   0.05422,  62.87852,   0.91100
   0.05265,  62.91688,   0.91240
   0.05117,  62.93734,   0.91210
   0.05042,  62.95780,   0.91020
   0.05147,  62.94757,   0.91120
   0.05108,  62.97059,   0.91170
   0.05061,  62.98082,   0.91200
   0.05259,  62.88619,   0.91180
   0.05116,  62.95013,   0.91180
   0.04925,  62.97314,   0.91270
   0.05075,  62.92711,   0.91490
   0.04922,  63.03197,   0.91270
   0.05053,  62.94118,   0.91430
   0.05018,  63.00895,   0.91220
   0.05134,  62.88363,   0.91190
   0.04917,  63.00256,   0.91420
   0.05021,  62.98210,   0.91100
   0.05055,  62.98465,   0.91210
   0.05017,  62.98594,   0.91150
   0.04985,  62.97570,   0.91310
   0.04681,  63.06394,   0.91210
   0.04730,  63.04731,   0.91470
   0.04931,  62.98721,   0.91270
   0.04750,  63.08184,   0.91240
   0.04904,  62.97570,   0.91230
   0.04840,  63.00256,   0.91220
   0.04882,  63.00767,   0.91310
   0.04883,  62.99233,   0.91270
   0.04898,  63.00000,   0.91260
   0.04875,  62.99361,   0.91410
   0.04847,  63.03836,   0.91120
   0.04694,  63.04859,   0.91170
   0.04745,  63.03836,   0.91130
   0.04700,  63.01790,   0.91320
   0.04831,  63.04220,   0.91230
   0.04856,  62.98977,   0.91060
   0.04968,  63.00639,   0.91220
   0.04815,  63.00256,   0.91150
   0.04697,  63.05115,   0.91210
   0.04678,  63.04348,   0.91130
   0.04276,  63.16880,   0.91350
   0.04191,  63.16752,   0.91140
   0.04046,  63.19693,   0.91430
   0.04082,  63.24553,   0.91290
   0.04037,  63.22762,   0.91480
   0.04037,  63.18542,   0.91520
   0.04213,  63.15217,   0.91380
   0.03975,  63.23146,   0.91420
   0.04019,  63.19054,   0.91280
   0.03986,  63.22251,   0.91230
   0.03930,  63.20588,   0.91560
   0.03999,  63.20332,   0.91400
   0.03937,  63.22890,   0.91120
   0.03893,  63.24424,   0.91280
   0.03970,  63.21611,   0.91520
   0.03867,  63.27110,   0.91460
   0.03896,  63.22251,   0.91400
   0.03940,  63.24936,   0.91330
   0.03678,  63.32737,   0.91320
   0.03957,  63.23657,   0.91260
   0.03799,  63.29795,   0.91370
   0.03669,  63.30946,   0.91320
   0.03848,  63.27621,   0.91190
   0.04045,  63.18287,   0.91210
   0.03750,  63.28389,   0.91530
   0.03807,  63.25831,   0.91480
   0.03756,  63.26087,   0.91500
   0.03797,  63.28389,   0.91290
   0.03938,  63.22762,   0.91550
   0.03794,  63.25320,   0.91220
   0.03782,  63.29412,   0.91210
   0.03639,  63.30435,   0.91560
   0.03720,  63.27877,   0.91410
   0.03609,  63.30307,   0.91360
   0.03656,  63.29539,   0.91300
   0.03777,  63.26854,   0.91310
   0.03861,  63.28517,   0.91330
   0.03700,  63.29795,   0.91450
   0.03590,  63.33248,   0.91380
   0.03791,  63.22762,   0.91330
   0.03525,  63.37468,   0.91370
   0.03609,  63.33632,   0.91210
   0.03742,  63.28389,   0.91260
   0.03807,  63.24936,   0.91220
   0.03598,  63.28645,   0.91320
   0.03653,  63.27494,   0.91370
   0.03625,  63.31330,   0.91490
   0.03674,  63.31969,   0.91370
   0.03728,  63.27238,   0.91320
   0.03610,  63.30946,   0.91450
   0.91560,   0.00000,   0.00000
