   0.08258,  62.20332,   0.92310
   0.05561,  62.80690,   0.92070
   0.04763,  62.98338,   0.92700
   0.04289,  63.07289,   0.92470
   0.04141,  63.08184,   0.92620
   0.03617,  63.20461,   0.92740
   0.03537,  63.22506,   0.92880
   0.03187,  63.34399,   0.92790
   0.03124,  63.35294,   0.93110
   0.03110,  63.34399,   0.92860
   0.02890,  63.39386,   0.92890
   0.02787,  63.39898,   0.92890
   0.02766,  63.40154,   0.93110
   0.02611,  63.45396,   0.92910
   0.02707,  63.41432,   0.92780
   0.02739,  63.39003,   0.92830
   0.02720,  63.39642,   0.92670
   0.02728,  63.42199,   0.92910
   0.02829,  63.36317,   0.92740
   0.02663,  63.40154,   0.92700
   0.01910,  63.60358,   0.93290
   0.01665,  63.66624,   0.93190
   0.01601,  63.64578,   0.93450
   0.01580,  63.68670,   0.93510
   0.01372,  63.71483,   0.93360
   0.01286,  63.72762,   0.93440
   0.01253,  63.72890,   0.93540
   0.01250,  63.74297,   0.93640
   0.01214,  63.73402,   0.93420
   0.01223,  63.74424,   0.93270
   0.01098,  63.77877,   0.93270
   0.01169,  63.75576,   0.93400
   0.01074,  63.75703,   0.93560
   0.01206,  63.73529,   0.93490
   0.01184,  63.75192,   0.93240
   0.01057,  63.79284,   0.93410
   0.01052,  63.78517,   0.93340
   0.01061,  63.78005,   0.93320
   0.01093,  63.75320,   0.93420
   0.01020,  63.78645,   0.93180
   0.01066,  63.77621,   0.93130
   0.01055,  63.76215,   0.93110
   0.01026,  63.78005,   0.93440
   0.01052,  63.76727,   0.93110
   0.01051,  63.77877,   0.93010
   0.01005,  63.78645,   0.93280
   0.00927,  63.79028,   0.93560
   0.00946,  63.79923,   0.93380
   0.01015,  63.77238,   0.93560
   0.01000,  63.78005,   0.93190
   0.00914,  63.79412,   0.93210
   0.00973,  63.80051,   0.93430
   0.00936,  63.80563,   0.93440
   0.00930,  63.79795,   0.93270
   0.00885,  63.79412,   0.93370
   0.00883,  63.82097,   0.93280
   0.01004,  63.78389,   0.93480
   0.00948,  63.79412,   0.93230
   0.00933,  63.78900,   0.93400
   0.00984,  63.79923,   0.93240
   0.00748,  63.85294,   0.93500
   0.00786,  63.81969,   0.93360
   0.00668,  63.85038,   0.93500
   0.00717,  63.82864,   0.93420
   0.00719,  63.84015,   0.93420
   0.00651,  63.85038,   0.93390
   0.00631,  63.86061,   0.93320
   0.00650,  63.85934,   0.93510
   0.00629,  63.85038,   0.93450
   0.00641,  63.85166,   0.93500
   0.00629,  63.86189,   0.93590
   0.00613,  63.87596,   0.93510
   0.00540,  63.87212,   0.93550
   0.00545,  63.87980,   0.93710
   0.00582,  63.86573,   0.93420
   0.00551,  63.87085,   0.93530
   0.00549,  63.87980,   0.93570
   0.00531,  63.87212,   0.93520
   0.00558,  63.87085,   0.93720
   0.00482,  63.88107,   0.93530
   0.00552,  63.86701,   0.93600
   0.00594,  63.86317,   0.93480
   0.00577,  63.86189,   0.93560
   0.00528,  63.86956,   0.93630
   0.00502,  63.88491,   0.93600
   0.00551,  63.86317,   0.93730
   0.00538,  63.87468,   0.93690
   0.00526,  63.87980,   0.93660
   0.00515,  63.87468,   0.93610
   0.00514,  63.87852,   0.93680
   0.00486,  63.87468,   0.93710
   0.00546,  63.87724,   0.93470
   0.00521,  63.88107,   0.93480
   0.00482,  63.89130,   0.93610
   0.00446,  63.89514,   0.93600
   0.00533,  63.88363,   0.93630
   0.00509,  63.87340,   0.93440
   0.00511,  63.87724,   0.93440
   0.00496,  63.87980,   0.93590
   0.00472,  63.88875,   0.93600
   0.00457,  63.89514,   0.93660
   0.00452,  63.89003,   0.93740
   0.00499,  63.87340,   0.93720
   0.00455,  63.89130,   0.93640
   0.00433,  63.89003,   0.93510
   0.00447,  63.89003,   0.93550
   0.00488,  63.87980,   0.93550
   0.00491,  63.87980,   0.93640
   0.00482,  63.87212,   0.93510
   0.00497,  63.87468,   0.93370
   0.00462,  63.89386,   0.93530
   0.00498,  63.87596,   0.93550
   0.00457,  63.89130,   0.93540
   0.00537,  63.86573,   0.93670
   0.00496,  63.87340,   0.93510
   0.00458,  63.88619,   0.93430
   0.00474,  63.88107,   0.93510
   0.00465,  63.89130,   0.93400
   0.00444,  63.89003,   0.93580
   0.00496,  63.87468,   0.93430
   0.00494,  63.88747,   0.93630
   0.00454,  63.88747,   0.93600
   0.00471,  63.88875,   0.93690
   0.00488,  63.87980,   0.93790
   0.00475,  63.89003,   0.93490
   0.00449,  63.87724,   0.93760
   0.00462,  63.88619,   0.93720
   0.00447,  63.89386,   0.93650
   0.00513,  63.88619,   0.93600
   0.00465,  63.88619,   0.93710
   0.00431,  63.89258,   0.93720
   0.00422,  63.90409,   0.93590
   0.00430,  63.89130,   0.93630
   0.00419,  63.90154,   0.93620
   0.00433,  63.88491,   0.93660
   0.00448,  63.88875,   0.93530
   0.00502,  63.87724,   0.93800
   0.00475,  63.88619,   0.93590
   0.00396,  63.89514,   0.93610
   0.00410,  63.90281,   0.93460
   0.00412,  63.88747,   0.93510
   0.00395,  63.90409,   0.93570
   0.00423,  63.89514,   0.93570
   0.00427,  63.89770,   0.93550
   0.00432,  63.88747,   0.93710
   0.00395,  63.90281,   0.93440
   0.00450,  63.88875,   0.93710
   0.00399,  63.89898,   0.93720
   0.00410,  63.89770,   0.93570
   0.00434,  63.88747,   0.93670
   0.00439,  63.88491,   0.93720
   0.00359,  63.90409,   0.93660
   0.00384,  63.89770,   0.93580
   0.00370,  63.91177,   0.93660
   0.00367,  63.90537,   0.93580
   0.00367,  63.89642,   0.93650
   0.00331,  63.91048,   0.93760
   0.00346,  63.90921,   0.93600
   0.00361,  63.90537,   0.93740
   0.00352,  63.90154,   0.93620
   0.00341,  63.90665,   0.93780
   0.00345,  63.91048,   0.93730
   0.00338,  63.91048,   0.93770
   0.00315,  63.91048,   0.93670
   0.00371,  63.90026,   0.93860
   0.00333,  63.91560,   0.93730
   0.00307,  63.91816,   0.93730
   0.00344,  63.91304,   0.93710
   0.00325,  63.91048,   0.93900
   0.00367,  63.90026,   0.93710
   0.00345,  63.89386,   0.93700
   0.00341,  63.90665,   0.93700
   0.00368,  63.89898,   0.93580
   0.00305,  63.91177,   0.93610
   0.00332,  63.91560,   0.93720
   0.00360,  63.90665,   0.93630
   0.00320,  63.90793,   0.93570
   0.00323,  63.91304,   0.93710
   0.00327,  63.91432,   0.93690
   0.00328,  63.91048,   0.93670
   0.00363,  63.90665,   0.93660
   0.00343,  63.90537,   0.93710
   0.00318,  63.91432,   0.93700
   0.00302,  63.92327,   0.93670
   0.00310,  63.91688,   0.93770
   0.00346,  63.90409,   0.93730
   0.00314,  63.91432,   0.93860
   0.00294,  63.92327,   0.93820
   0.00328,  63.90537,   0.93670
   0.00303,  63.90921,   0.93790
   0.00310,  63.91688,   0.93820
   0.00310,  63.91816,   0.93770
   0.00299,  63.91432,   0.93550
   0.00360,  63.90281,   0.93740
   0.00367,  63.90026,   0.93710
   0.00328,  63.91048,   0.93710
   0.00321,  63.90921,   0.93570
   0.00290,  63.91816,   0.93780
   0.00298,  63.91560,   0.93600
   0.00356,  63.90665,   0.93570
   0.93900,   0.00000,   0.00000
