   0.06659,  62.53069,   0.91410
   0.06589,  62.48977,   0.91320
   0.06130,  62.59846,   0.91150
   0.06005,  62.65985,   0.90940
   0.05669,  62.73402,   0.91730
   0.05407,  62.79284,   0.91750
   0.05726,  62.71483,   0.91330
   0.05686,  62.72890,   0.90990
   0.05661,  62.74936,   0.91170
   0.05711,  62.74936,   0.91250
   0.05696,  62.76727,   0.91270
   0.05361,  62.80435,   0.91110
   0.05488,  62.80435,   0.90850
   0.05367,  62.78645,   0.91570
   0.05326,  62.84783,   0.91710
   0.05407,  62.77494,   0.91180
   0.05423,  62.80819,   0.91110
   0.05137,  62.90281,   0.91570
   0.05348,  62.80307,   0.91500
   0.05388,  62.80563,   0.91450
   0.04038,  63.11637,   0.92050
   0.03800,  63.21611,   0.91900
   0.03610,  63.22251,   0.91840
   0.03656,  63.23018,   0.92120
   0.03238,  63.34271,   0.92060
   0.03447,  63.28389,   0.92100
   0.03434,  63.28517,   0.92030
   0.03132,  63.38619,   0.92000
   0.03044,  63.39898,   0.91860
   0.03241,  63.33632,   0.91810
   0.03215,  63.33376,   0.92050
   0.03275,  63.31969,   0.91990
   0.03021,  63.38235,   0.91980
   0.03028,  63.35678,   0.91870
   0.03184,  63.34015,   0.91930
   0.03073,  63.36445,   0.91790
   0.03121,  63.32864,   0.91900
   0.02983,  63.35550,   0.91890
   0.03036,  63.36701,   0.92010
   0.02936,  63.37980,   0.92170
   0.02973,  63.38747,   0.91960
   0.02891,  63.40793,   0.91980
   0.02836,  63.40537,   0.92200
   0.03075,  63.33887,   0.91980
   0.02938,  63.39258,   0.91920
   0.02949,  63.35806,   0.91850
   0.02925,  63.37980,   0.91770
   0.02753,  63.43734,   0.91930
   0.02620,  63.44629,   0.91990
   0.02817,  63.39258,   0.92080
   0.02766,  63.43350,   0.91880
   0.02746,  63.40026,   0.91890
   0.02897,  63.38363,   0.91850
   0.02946,  63.36573,   0.91680
   0.02722,  63.44246,   0.91860
   0.02952,  63.39003,   0.91760
   0.02670,  63.45396,   0.91610
   0.02786,  63.43734,   0.91840
   0.02618,  63.44373,   0.91970
   0.02756,  63.44246,   0.91830
   0.02383,  63.50384,   0.92090
   0.02167,  63.57673,   0.91970
   0.02026,  63.59463,   0.91980
   0.02051,  63.58056,   0.92030
   0.02155,  63.57289,   0.92240
   0.02015,  63.61125,   0.92050
   0.02105,  63.58440,   0.92140
   0.01938,  63.61509,   0.92000
   0.02085,  63.56010,   0.92040
   0.02092,  63.57289,   0.92170
   0.01937,  63.62788,   0.92190
   0.02058,  63.57928,   0.92340
   0.01908,  63.63044,   0.92250
   0.01915,  63.63044,   0.92210
   0.01869,  63.62915,   0.92050
   0.02114,  63.57417,   0.92040
   0.01980,  63.59079,   0.92110
   0.02019,  63.60102,   0.92070
   0.01859,  63.63171,   0.91980
   0.01897,  63.62404,   0.91980
   0.01987,  63.57801,   0.91980
   0.01994,  63.58696,   0.91940
   0.01854,  63.64578,   0.91900
   0.01808,  63.65601,   0.91990
   0.01854,  63.62660,   0.91910
   0.01882,  63.63939,   0.92090
   0.02106,  63.56650,   0.92060
   0.01941,  63.61125,   0.91990
   0.01870,  63.63555,   0.92110
   0.01890,  63.62276,   0.91840
   0.01817,  63.63555,   0.92110
   0.01643,  63.67263,   0.92230
   0.01896,  63.62276,   0.91910
   0.01803,  63.65089,   0.91970
   0.01705,  63.68031,   0.92140
   0.01734,  63.67519,   0.92200
   0.01781,  63.63683,   0.92260
   0.01940,  63.62660,   0.92010
   0.01906,  63.61637,   0.92110
   0.01793,  63.63555,   0.91900
   0.01673,  63.67903,   0.92070
   0.01738,  63.65985,   0.92270
   0.01850,  63.62915,   0.92190
   0.01637,  63.67903,   0.92170
   0.01688,  63.65729,   0.92000
   0.01750,  63.64066,   0.91960
   0.01823,  63.64450,   0.92020
   0.01697,  63.64450,   0.92080
   0.01676,  63.67647,   0.92270
   0.01766,  63.67136,   0.92100
   0.01708,  63.65601,   0.91710
   0.01573,  63.71100,   0.91710
   0.01585,  63.69310,   0.92060
   0.01728,  63.67391,   0.91850
   0.01797,  63.63044,   0.91930
   0.01759,  63.65985,   0.91970
   0.01731,  63.64578,   0.92160
   0.01617,  63.69437,   0.92230
   0.01670,  63.65601,   0.92120
   0.01638,  63.67391,   0.92150
   0.01743,  63.64322,   0.91790
   0.01638,  63.67519,   0.91930
   0.01683,  63.66368,   0.92270
   0.01717,  63.64706,   0.92160
   0.01727,  63.65729,   0.91890
   0.01779,  63.61765,   0.92030
   0.01613,  63.67263,   0.92230
   0.01584,  63.69181,   0.92080
   0.01711,  63.65729,   0.92020
   0.01626,  63.67263,   0.92140
   0.01612,  63.66496,   0.92040
   0.01599,  63.68926,   0.92120
   0.01627,  63.67519,   0.92020
   0.01640,  63.68670,   0.92090
   0.01567,  63.68926,   0.92090
   0.01584,  63.66624,   0.92130
   0.01673,  63.67391,   0.91930
   0.01589,  63.66240,   0.91820
   0.01675,  63.64962,   0.91810
   0.01584,  63.67008,   0.91980
   0.01629,  63.66752,   0.91870
   0.01518,  63.70588,   0.91970
   0.01629,  63.68542,   0.91830
   0.01609,  63.69565,   0.92040
   0.01600,  63.67263,   0.91820
   0.01574,  63.69437,   0.92320
   0.01620,  63.67775,   0.91830
   0.01577,  63.70077,   0.92160
   0.01644,  63.66880,   0.91880
   0.01545,  63.69310,   0.92030
   0.01525,  63.69310,   0.91930
   0.01319,  63.74936,   0.91980
   0.01316,  63.75192,   0.91980
   0.01293,  63.75192,   0.92140
   0.01366,  63.72123,   0.92190
   0.01310,  63.75959,   0.92030
   0.01328,  63.73018,   0.92050
   0.01253,  63.75192,   0.91970
   0.01237,  63.76087,   0.92010
   0.01258,  63.76343,   0.91890
   0.01244,  63.77621,   0.91990
   0.01314,  63.74297,   0.91970
   0.01270,  63.74424,   0.92140
   0.01252,  63.76343,   0.92010
   0.01224,  63.77494,   0.92070
   0.01180,  63.77621,   0.92130
   0.01307,  63.75831,   0.92000
   0.01252,  63.75320,   0.92060
   0.01251,  63.75064,   0.92090
   0.01203,  63.76215,   0.91980
   0.01329,  63.75320,   0.91920
   0.01248,  63.75064,   0.92090
   0.01306,  63.73785,   0.92040
   0.01314,  63.73018,   0.91910
   0.01247,  63.75703,   0.92030
   0.01255,  63.75703,   0.92090
   0.01261,  63.77366,   0.92030
   0.01246,  63.76215,   0.92050
   0.01166,  63.77238,   0.92060
   0.01277,  63.75831,   0.92130
   0.01270,  63.75703,   0.92150
   0.01195,  63.76982,   0.92030
   0.01195,  63.77110,   0.91880
   0.01173,  63.76215,   0.92050
   0.01189,  63.76598,   0.92010
   0.01184,  63.76854,   0.92090
   0.01224,  63.76087,   0.91970
   0.01219,  63.75959,   0.92030
   0.01159,  63.78005,   0.92140
   0.01119,  63.78517,   0.92030
   0.01139,  63.78005,   0.92070
   0.01148,  63.78517,   0.92010
   0.01131,  63.79923,   0.92010
   0.01206,  63.74936,   0.92080
   0.01157,  63.78900,   0.92140
   0.01116,  63.78645,   0.92110
   0.01199,  63.76598,   0.92060
   0.01098,  63.80563,   0.91980
   0.01203,  63.78005,   0.92060
   0.01104,  63.78772,   0.91960
   0.00000,   0.00000,   0.00000
