   0.13840,  60.80946,   0.90440
   0.10936,  61.52174,   0.90650
   0.10183,  61.66880,   0.90790
   0.09632,  61.81586,   0.91020
   0.09529,  61.82481,   0.90930
   0.08934,  61.97314,   0.91390
   0.09082,  61.95013,   0.91130
   0.08323,  62.11893,   0.90990
   0.08325,  62.10997,   0.91080
   0.07962,  62.24297,   0.90840
   0.07995,  62.15729,   0.91040
   0.07838,  62.24424,   0.90780
   0.07699,  62.24680,   0.91240
   0.07761,  62.28389,   0.90820
   0.07925,  62.16624,   0.90830
   0.07401,  62.33632,   0.90920
   0.07218,  62.40665,   0.90900
   0.07552,  62.30307,   0.91120
   0.07553,  62.29412,   0.90350
   0.07378,  62.34143,   0.90700
   0.06037,  62.67903,   0.91620
   0.05638,  62.77494,   0.91480
   0.05131,  62.87980,   0.91790
   0.05061,  62.91177,   0.91600
   0.04981,  62.91560,   0.91340
   0.04947,  62.92327,   0.91780
   0.04957,  62.93095,   0.91410
   0.04692,  62.99744,   0.91600
   0.04729,  63.00512,   0.91640
   0.04688,  62.98594,   0.91400
   0.04361,  63.08056,   0.91600
   0.04415,  63.02174,   0.91580
   0.04493,  63.04987,   0.91510
   0.04411,  63.06905,   0.91650
   0.04427,  63.04220,   0.91600
   0.04307,  63.05499,   0.91080
   0.04428,  63.06010,   0.91710
   0.04445,  63.03580,   0.91470
   0.04544,  63.02046,   0.91460
   0.04225,  63.08056,   0.91430
   0.04150,  63.12532,   0.91610
   0.04110,  63.13299,   0.91630
   0.04212,  63.09591,   0.91380
   0.04040,  63.14962,   0.91370
   0.04177,  63.13299,   0.91640
   0.04219,  63.04604,   0.91450
   0.04169,  63.05627,   0.91590
   0.03897,  63.17263,   0.91440
   0.04170,  63.07289,   0.91470
   0.04154,  63.10870,   0.91530
   0.04016,  63.16113,   0.91370
   0.03983,  63.12660,   0.91280
   0.04062,  63.14706,   0.91380
   0.03860,  63.14706,   0.91160
   0.04004,  63.11253,   0.91040
   0.04133,  63.08312,   0.91450
   0.03868,  63.20332,   0.91330
   0.04026,  63.10997,   0.91140
   0.03998,  63.12020,   0.91560
   0.03840,  63.17775,   0.91300
   0.03455,  63.26598,   0.91730
   0.03276,  63.30690,   0.91580
   0.03106,  63.34143,   0.91770
   0.03031,  63.36829,   0.91850
   0.03001,  63.35806,   0.92010
   0.02896,  63.44373,   0.91810
   0.02851,  63.41048,   0.92030
   0.02772,  63.45013,   0.91610
   0.02892,  63.39130,   0.91680
   0.02842,  63.40793,   0.91680
   0.02785,  63.47826,   0.91560
   0.02833,  63.42455,   0.91920
   0.02612,  63.49744,   0.91740
   0.02613,  63.47059,   0.91890
   0.02754,  63.43606,   0.92010
   0.02758,  63.43095,   0.91870
   0.02603,  63.46931,   0.92000
   0.02699,  63.46036,   0.91610
   0.02631,  63.48082,   0.91680
   0.02596,  63.46931,   0.91830
   0.02774,  63.42967,   0.91760
   0.02678,  63.43862,   0.91600
   0.02699,  63.43734,   0.91880
   0.02605,  63.47187,   0.91870
   0.02578,  63.47570,   0.91640
   0.02669,  63.43862,   0.91530
   0.02769,  63.43350,   0.91720
   0.02825,  63.41432,   0.91730
   0.02667,  63.43862,   0.91880
   0.02679,  63.46164,   0.91870
   0.02512,  63.48721,   0.91560
   0.02522,  63.48465,   0.91740
   0.02475,  63.50000,   0.91630
   0.02470,  63.49105,   0.91500
   0.02411,  63.51918,   0.91790
   0.02478,  63.50512,   0.91550
   0.02588,  63.45780,   0.91930
   0.02639,  63.48594,   0.91910
   0.02510,  63.49488,   0.91470
   0.02479,  63.48210,   0.91550
   0.02439,  63.50512,   0.91900
   0.02329,  63.52941,   0.91510
   0.02666,  63.41432,   0.91810
   0.02434,  63.47826,   0.91600
   0.02396,  63.50384,   0.91690
   0.02455,  63.49488,   0.91900
   0.02433,  63.49616,   0.91740
   0.02374,  63.53580,   0.91830
   0.02428,  63.48465,   0.91870
   0.02414,  63.49872,   0.91620
   0.02386,  63.49361,   0.91620
   0.02370,  63.51662,   0.91980
   0.02476,  63.50384,   0.91660
   0.02380,  63.51535,   0.91780
   0.02505,  63.44246,   0.91480
   0.02325,  63.53964,   0.91480
   0.02336,  63.53708,   0.91860
   0.02346,  63.51662,   0.91840
   0.02284,  63.53453,   0.91830
   0.02447,  63.49872,   0.91650
   0.02391,  63.50256,   0.91580
   0.02208,  63.56010,   0.91820
   0.02345,  63.52941,   0.91680
   0.02579,  63.46164,   0.91530
   0.02366,  63.49233,   0.91710
   0.02270,  63.55754,   0.92000
   0.02227,  63.56905,   0.91680
   0.02238,  63.53836,   0.91720
   0.02519,  63.48338,   0.91620
   0.02326,  63.52557,   0.91800
   0.02332,  63.52174,   0.91600
   0.02341,  63.50767,   0.91730
   0.02157,  63.57033,   0.91460
   0.02301,  63.52046,   0.91830
   0.02311,  63.52557,   0.91830
   0.02235,  63.54348,   0.91680
   0.02334,  63.53069,   0.91640
   0.02202,  63.54604,   0.91720
   0.02118,  63.56266,   0.91700
   0.02289,  63.51279,   0.91710
   0.02130,  63.56650,   0.91710
   0.02291,  63.52174,   0.91650
   0.02331,  63.49744,   0.91820
   0.02412,  63.50000,   0.91790
   0.02417,  63.51279,   0.91680
   0.02151,  63.54348,   0.91720
   0.02245,  63.53197,   0.91520
   0.02344,  63.51151,   0.91430
   0.02222,  63.53708,   0.91340
   0.02203,  63.54092,   0.91610
   0.02029,  63.61125,   0.91710
   0.01881,  63.65217,   0.91960
   0.01894,  63.61125,   0.91780
   0.01844,  63.61381,   0.91820
   0.01870,  63.62404,   0.91910
   0.01952,  63.62276,   0.91910
   0.01815,  63.62020,   0.91890
   0.01731,  63.68159,   0.91830
   0.01768,  63.66240,   0.92070
   0.01844,  63.62660,   0.91790
   0.01665,  63.68926,   0.91890
   0.01707,  63.64194,   0.91850
   0.01672,  63.66368,   0.91880
   0.01689,  63.68414,   0.91620
   0.01718,  63.67647,   0.91980
   0.01694,  63.68414,   0.91840
   0.01635,  63.68159,   0.91790
   0.01754,  63.65601,   0.91920
   0.01675,  63.66240,   0.92030
   0.01695,  63.67263,   0.91820
   0.01683,  63.65857,   0.92010
   0.01735,  63.62276,   0.91920
   0.01716,  63.66368,   0.91930
   0.01735,  63.65345,   0.91800
   0.01589,  63.68031,   0.91990
   0.01672,  63.66496,   0.91980
   0.01659,  63.68159,   0.91930
   0.01519,  63.69693,   0.91770
   0.01643,  63.68798,   0.91730
   0.01626,  63.69054,   0.91850
   0.01657,  63.68798,   0.91900
   0.01604,  63.68670,   0.91850
   0.01623,  63.68926,   0.91790
   0.01526,  63.70077,   0.91920
   0.01726,  63.66880,   0.91890
   0.01602,  63.68414,   0.91960
   0.01543,  63.71355,   0.91920
   0.01655,  63.67519,   0.91990
   0.01595,  63.69181,   0.91760
   0.01475,  63.70205,   0.91910
   0.01588,  63.67008,   0.91820
   0.01577,  63.69693,   0.91810
   0.01627,  63.68159,   0.91870
   0.01619,  63.68287,   0.92030
   0.01664,  63.67136,   0.91740
   0.01635,  63.66496,   0.91960
   0.01613,  63.67647,   0.91890
   0.01557,  63.70716,   0.91950
   0.01524,  63.70205,   0.91750
   0.01625,  63.67903,   0.91890
   0.00000,   0.00000,   0.00000
